{
 "cells": [
  {
   "cell_type": "markdown",
   "metadata": {},
   "source": [
    "# 測試Q矩陣算法\n",
    "\n",
    "## 結論\n",
    "\n",
    "GPT不可信\n",
    "雖然自己的也可以用，但直接用cv2.stereoRectify()省事"
   ]
  },
  {
   "cell_type": "code",
   "execution_count": 4,
   "metadata": {},
   "outputs": [],
   "source": [
    "import cv2\n",
    "import numpy as np"
   ]
  },
  {
   "cell_type": "code",
   "execution_count": 26,
   "metadata": {},
   "outputs": [],
   "source": [
    "def compute_Q_matrix(P1, P2):\n",
    "    f = P1[0][0]\n",
    "    cx1 = P1[0][2]\n",
    "    cy = P1[1][2]\n",
    "    cx2 = P2[0][2]\n",
    "    Tx = P2[0][3] / f\n",
    "\n",
    "    Q = np.array([[1, 0, 0, -cx1], [0, 1, 0, -cy], [0, 0, 0, f],\n",
    "                 [0, 0, -1 / Tx, (cx1 - cx2) / Tx]])\n",
    "    return Q\n",
    "\n",
    "\n",
    "def gpt_compute_Q_matrix(P1, P2):\n",
    "    # 計算左右相機的投影矩陣\n",
    "    K1 = P1[:, :3]  # 左相機的相機內部參數矩陣\n",
    "    K2 = P2[:, :3]  # 右相機的相機內部參數矩陣\n",
    "\n",
    "    # 左右相機的光心位置\n",
    "    C1 = -np.linalg.inv(K1) @ P1[:, 3]\n",
    "    C2 = -np.linalg.inv(K2) @ P2[:, 3]\n",
    "\n",
    "    # 計算基線向量\n",
    "    T = C2 - C1\n",
    "\n",
    "    # 計算 tx\n",
    "    tx = T[0]\n",
    "\n",
    "    # 計算Q矩陣的內容\n",
    "    Q = np.array([[1, 0, 0, -C1[0]],\n",
    "                  [0, 1, 0, -C1[1]],\n",
    "                  [0, 0, 0, K1[0, 0]],\n",
    "                  [0, 0, -1 / tx, 0]])\n",
    "\n",
    "    return Q"
   ]
  },
  {
   "cell_type": "code",
   "execution_count": 28,
   "metadata": {},
   "outputs": [
    {
     "name": "stdout",
     "output_type": "stream",
     "text": [
      "[1392.  512.]\n",
      "R1:[[ 9.99252395e-01 -2.51884753e-04  3.86599048e-02]\n",
      " [ 3.19621061e-04  9.99998425e-01 -1.74593692e-03]\n",
      " [-3.86594041e-02  1.75698816e-03  9.99250901e-01]]\n",
      "R2:[[ 0.99905351  0.00486416  0.04322534]\n",
      " [-0.00493989  0.99998644  0.00164539]\n",
      " [-0.04321675 -0.00185736  0.99906399]]\n",
      "P1:[[929.4452       0.         697.43959045   0.        ]\n",
      " [  0.         929.4452     236.69963646   0.        ]\n",
      " [  0.           0.           1.           0.        ]]\n",
      "P2:[[929.4452       0.         697.43959045  55.4159788 ]\n",
      " [  0.         929.4452     236.69963646   0.        ]\n",
      " [  0.           0.           1.           0.        ]]\n",
      "Q:[[   1.            0.            0.         -697.43959045]\n",
      " [   0.            1.            0.         -236.69963646]\n",
      " [   0.            0.            0.          929.4452    ]\n",
      " [   0.            0.          -16.77215164    0.        ]]\n",
      "===== Subtract =====\n",
      "R1:[[-0.00062931 -0.01536641  0.0415015 ]\n",
      " [ 0.01543686  0.00011312 -0.00081209]\n",
      " [-0.04148656  0.00078029 -0.0007446 ]]\n",
      "R2:[[-7.78592969e-04  1.20572965e-02  2.63693502e-02]\n",
      " [-1.21726966e-02  1.52449847e-05  3.93897482e-03]\n",
      " [-2.63777408e-02 -4.27247701e-03 -7.91306724e-04]]\n",
      "P1:[[ 2.07907500e+02  0.00000000e+00  8.78802905e+01 -4.48572800e+01]\n",
      " [ 0.00000000e+00  2.07907500e+02  6.38456365e+01 -2.16379100e-01]\n",
      " [ 0.00000000e+00  0.00000000e+00  0.00000000e+00 -2.74588400e-03]]\n",
      "P2:[[ 2.07907500e+02  0.00000000e+00  8.78802905e+01  3.94940179e+02]\n",
      " [ 0.00000000e+00  2.07907500e+02  6.38456365e+01 -2.19993600e+00]\n",
      " [ 0.00000000e+00  0.00000000e+00  0.00000000e+00 -2.72990500e-03]]\n",
      "Q by stereoRectify()\n",
      "[[   1.            0.            0.         -697.43959045]\n",
      " [   0.            1.            0.         -236.69963646]\n",
      " [   0.            0.            0.          929.4452    ]\n",
      " [   0.            0.          -16.77215164    0.        ]]\n",
      "Q by compute_Q_matrix\n",
      "[[   1.            0.            0.         -609.5593    ]\n",
      " [   0.            1.            0.         -172.854     ]\n",
      " [   0.            0.            0.          721.5377    ]\n",
      " [   0.            0.            2.12514366   -0.        ]]\n",
      "average loss=-3.107023148729327\n",
      "Q by gpt_compute_Q_matrix\n",
      "[[ 1.00000000e+00  0.00000000e+00  0.00000000e+00  5.98492648e-02]\n",
      " [ 0.00000000e+00  1.00000000e+00  0.00000000e+00 -3.57927150e-04]\n",
      " [ 0.00000000e+00  0.00000000e+00  0.00000000e+00  7.21537700e+02]\n",
      " [ 0.00000000e+00  0.00000000e+00 -1.87718717e+00  0.00000000e+00]]\n",
      "average loss=61.76551522685302\n"
     ]
    }
   ],
   "source": [
    "# KITTI\n",
    "S_02 = np.array([1.392000e+03, 5.120000e+02])\n",
    "K_02 = np.array([[9.597910e+02, 0.000000e+00, 6.960217e+02], [0.000000e+00,\n",
    "                9.569251e+02, 2.241806e+02], [0.000000e+00, 0.000000e+00, 1.000000e+00]])\n",
    "D_02 = np.array([-3.691481e-01, 1.968681e-01,\n",
    "                1.353473e-03, 5.677587e-04, -6.770705e-02])\n",
    "R_02 = np.array([[9.999758e-01, -5.267463e-03, -4.552439e-03], [5.251945e-03,\n",
    "                9.999804e-01, -3.413835e-03], [4.570332e-03, 3.389843e-03, 9.999838e-01]])\n",
    "T_02 = np.array([5.956621e-02, 2.900141e-04, 2.577209e-03])\n",
    "S_rect_02 = np.array([1.242000e+03, 3.750000e+02])\n",
    "R_rect_02 = np.array([[9.998817e-01, 1.511453e-02, -2.841595e-03], [-1.511724e-02,\n",
    "                     9.998853e-01, -9.338510e-04], [2.827154e-03, 9.766976e-04, 9.999955e-01]])\n",
    "P_rect_02 = np.array([[7.215377e+02, 0.000000e+00, 6.095593e+02, 4.485728e+01], [0.000000e+00,\n",
    "                     7.215377e+02, 1.728540e+02, 2.163791e-01], [0.000000e+00, 0.000000e+00, 1.000000e+00, 2.745884e-03]])\n",
    "\n",
    "\n",
    "S_03 = np.array([1.392000e+03, 5.120000e+02])\n",
    "K_03 = np.array([[9.037596e+02, 0.000000e+00, 6.957519e+02], [0.000000e+00,\n",
    "                9.019653e+02, 2.242509e+02], [0.000000e+00, 0.000000e+00, 1.000000e+00]])\n",
    "D_03 = np.array([-3.639558e-01, 1.788651e-01,\n",
    "                6.029694e-04, -3.922424e-04, -5.382460e-02])\n",
    "R_03 = np.array([[9.995599e-01, 1.699522e-02, -2.431313e-02], [-1.704422e-02,\n",
    "                9.998531e-01, -1.809756e-03], [2.427880e-02, 2.223358e-03, 9.997028e-01]])\n",
    "T_03 = np.array([-4.731050e-01, 5.551470e-03, -5.250882e-03])\n",
    "S_rect_03 = np.array([1.242000e+03, 3.750000e+02])\n",
    "R_rect_03 = np.array([[9.998321e-01, -7.193136e-03, 1.685599e-02], [7.232804e-03,\n",
    "                     9.999712e-01, -2.293585e-03], [-1.683901e-02, 2.415116e-03, 9.998553e-01]])\n",
    "P_rect_03 = np.array( [[7.215377e+02, 0.000000e+00, 6.095593e+02, -3.395242e+02], [0.000000e+00, 7.215377e+02, 1.728540e+02, 2.199936e+00], [0.000000e+00, 0.000000e+00, 1.000000e+00, 2.729905e-03]])\n",
    "print(S_02)\n",
    "R1, R2, P1, P2, Q, RECT1, RECT2 = cv2.stereoRectify(\n",
    "    K_02, D_02, K_03, D_03, S_rect_02.astype(int), R_02, T_02, R_03)\n",
    "# print (out)\n",
    "# R1,R2,P1,P2,Q\n",
    "print(f\"R1:{R1}\")\n",
    "print(f\"R2:{R2}\")\n",
    "print(f\"P1:{P1}\")\n",
    "print(f\"P2:{P2}\")\n",
    "print(f\"Q:{Q}\")\n",
    "print(\"===== Subtract =====\")\n",
    "print(f\"R1:{R1-R_rect_02}\")\n",
    "print(f\"R2:{R2-R_rect_03}\")\n",
    "print(f\"P1:{P1-P_rect_02}\")\n",
    "print(f\"P2:{P2-P_rect_03}\")\n",
    "\n",
    "print(f\"Q by stereoRectify()\\n{Q}\")\n",
    "Q2=compute_Q_matrix(P_rect_02, P_rect_03)\n",
    "print(f\"Q by compute_Q_matrix\\n{Q2}\")\n",
    "loss_ave = sum(Q2.flatten() - Q.flatten()) / 12\n",
    "print(f\"average loss={loss_ave}\")\n",
    "Q3=gpt_compute_Q_matrix(P_rect_02, P_rect_03)\n",
    "print(f\"Q by gpt_compute_Q_matrix\\n{Q3}\")\n",
    "loss_ave = sum(Q3.flatten() - Q.flatten()) / 12\n",
    "print(f\"average loss={loss_ave}\")"
   ]
  },
  {
   "cell_type": "code",
   "execution_count": 32,
   "metadata": {},
   "outputs": [
    {
     "name": "stdout",
     "output_type": "stream",
     "text": [
      "[960 540]\n",
      "R1:[[ 9.97482444e-01 -1.35002104e-02 -6.96169397e-02]\n",
      " [ 1.35324433e-02  9.99908432e-01 -8.61177300e-06]\n",
      " [ 6.96106813e-02 -9.33497200e-04  9.97573798e-01]]\n",
      "R2:[[ 9.97400076e-01 -1.34191315e-02 -7.08026531e-02]\n",
      " [ 1.33863460e-02  9.99909959e-01 -9.37546358e-04]\n",
      " [ 7.08088590e-02 -1.26800007e-05  9.97489902e-01]]\n",
      "P1:[[531.57215017   0.         560.89138031   0.        ]\n",
      " [  0.         531.57215017 257.45361137   0.        ]\n",
      " [  0.           0.           1.           0.        ]]\n",
      "P2:[[ 531.57215017    0.          560.89138031 -673.96460901]\n",
      " [   0.          531.57215017  257.45361137    0.        ]\n",
      " [   0.            0.            1.            0.        ]]\n",
      "Q:[[   1.            0.            0.         -560.89138031]\n",
      " [   0.            1.            0.         -257.45361137]\n",
      " [   0.            0.            0.          531.57215017]\n",
      " [   0.            0.            0.78872413   -0.        ]]\n",
      "===== Subtract =====\n",
      "R1:[[-2.83595369e-11 -1.07150219e-09  8.35229053e-10]\n",
      " [ 1.14678229e-09  2.59126276e-10 -3.29052154e-11]\n",
      " [-7.40373582e-10 -3.36156801e-11 -4.10293466e-10]]\n",
      "R2:[[-1.90151783e-10 -1.11200281e-09  8.14310147e-10]\n",
      " [ 1.05943855e-09  3.20678706e-10 -3.38234991e-11]\n",
      " [-7.75417494e-10 -3.35827515e-11  3.66361941e-10]]\n",
      "P1:[[0.00000000e+00 0.00000000e+00 5.85487214e-11 0.00000000e+00]\n",
      " [0.00000000e+00 0.00000000e+00 3.90139121e-09 0.00000000e+00]\n",
      " [0.00000000e+00 0.00000000e+00 0.00000000e+00 0.00000000e+00]]\n",
      "P2:[[ 0.00000000e+00  0.00000000e+00  5.85487214e-11 -2.33687388e-07]\n",
      " [ 0.00000000e+00  0.00000000e+00  3.90139121e-09  0.00000000e+00]\n",
      " [ 0.00000000e+00  0.00000000e+00  0.00000000e+00  0.00000000e+00]]\n",
      "Q by stereoRectify()\n",
      "[[   1.            0.            0.         -560.89138031]\n",
      " [   0.            1.            0.         -257.45361137]\n",
      " [   0.            0.            0.          531.57215017]\n",
      " [   0.            0.            0.78872413   -0.        ]]\n",
      "Q by compute_Q_matrix\n",
      "[[   1.            0.            0.         -560.89138031]\n",
      " [   0.            1.            0.         -257.45361137]\n",
      " [   0.            0.            0.          531.57215017]\n",
      " [   0.            0.            0.78872413   -0.        ]]\n",
      "average loss=3.527848753866654e-10\n",
      "Q by gpt_compute_Q_matrix\n",
      "[[  1.           0.           0.          -0.        ]\n",
      " [  0.           1.           0.          -0.        ]\n",
      " [  0.           0.           0.         531.57215017]\n",
      " [  0.           0.          -0.78872413   0.        ]]\n",
      "average loss=68.32686999542076\n"
     ]
    }
   ],
   "source": [
    "# ZED\n",
    "K_l = np.array([[529.39426391, 0., 480.10883457],\n",
    "       [0., 529.44103948, 261.89182679],\n",
    "       [0., 0., 1.]])\n",
    "D_l = np.array([-0.10605301, 0.1460366, -0.00070588, 0.00127769, -0.08716497])\n",
    "K_r = np.array([[533.18258885, 0., 483.83887505],\n",
    "       [0., 533.70326086, 257.89711489],\n",
    "       [0., 0., 1.]])\n",
    "D_r = np.array([-0.10031628, 0.12932342, -0.00171209, 0.00359951, -0.06602145])\n",
    "R = np.array([[9.99999268e-01, -1.46090518e-04, 1.20100622e-03],\n",
    "     [1.44994116e-04, 9.99999573e-01, 9.12938635e-04],\n",
    "     [-1.20113908e-03, -9.12763828e-04, 9.99998862e-01]])\n",
    "T = np.array([-1.26457406,0.01701372,0.08976859])\n",
    "S = np.array([960, 540])\n",
    "# S = np.array([1920, 1080])\n",
    "\n",
    "essential_matrix = [[-3.34517598e-05, -8.97840821e-02, 1.69317460e-02],\n",
    "                    [8.82495960e-02, -1.16737180e-03, 1.26468043e+00],\n",
    "                    [-1.71970619e-02, -1.26457103e+00, -1.17491210e-03]]\n",
    "fundamental_matrix = [[-1.02790155e-08, -2.75863045e-05, 9.98387720e-03],\n",
    "                      [2.70907718e-05, -3.58326955e-07, 1.92614229e-01],\n",
    "                      [-9.79915096e-03, -1.93723823e-01, 1.00000000e+00]]\n",
    "\n",
    "# from stereoRectify()\n",
    "R1_rec = [[9.97482444e-01, -1.35002093e-02, -6.96169405e-02],\n",
    "          [1.35324422e-02, 9.99908432e-01, -8.61174009e-06],\n",
    "          [6.96106820e-02, -9.33497166e-04, 9.97573798e-01]]\n",
    "R2_rec = [[9.97400076e-01, -1.34191304e-02, -7.08026539e-02],\n",
    "          [1.33863449e-02, 9.99909959e-01, -9.37546324e-04],\n",
    "          [7.08088598e-02, -1.26799671e-05, 9.97489902e-01]]\n",
    "P1_rec = np.array([[531.57215017, 0., 560.89138031, 0.],\n",
    "          [0., 531.57215017, 257.45361137, 0.],\n",
    "          [0., 0., 1., 0.]])\n",
    "P2_rec = np.array([[531.57215017, 0., 560.89138031, -673.96460878],\n",
    "          [0., 531.57215017, 257.45361137, 0.],\n",
    "          [0., 0., 1., 0.]])\n",
    "Q = [[1., 0., 0., -560.89138031],\n",
    "     [0., 1., 0., -257.45361137],\n",
    "     [0., 0., 0., 531.57215017],\n",
    "     [0., 0., 0.78872413, -0.]]\n",
    "\n",
    "print(S)\n",
    "R1, R2, P1, P2, Q, RECT1, RECT2 = cv2.stereoRectify(\n",
    "    K_l, D_l, K_r, D_r, S, R, T)\n",
    "# print (out)\n",
    "# R1,R2,P1,P2,Q\n",
    "print(f\"R1:{R1}\")\n",
    "print(f\"R2:{R2}\")\n",
    "print(f\"P1:{P1}\")\n",
    "print(f\"P2:{P2}\")\n",
    "print(f\"Q:{Q}\")\n",
    "print(\"===== Subtract =====\")\n",
    "print(f\"R1:{R1-R1_rec}\")\n",
    "print(f\"R2:{R2-R2_rec}\")\n",
    "print(f\"P1:{P1-P1_rec}\")\n",
    "print(f\"P2:{P2-P2_rec}\")\n",
    "\n",
    "print(f\"Q by stereoRectify()\\n{Q}\")\n",
    "Q2 = compute_Q_matrix(P1_rec, P2_rec)\n",
    "print(f\"Q by compute_Q_matrix\\n{Q2}\")\n",
    "loss_ave = sum(abs(Q2.flatten() - Q.flatten())) / 12\n",
    "print(f\"average loss={loss_ave}\")\n",
    "Q3 = gpt_compute_Q_matrix(P1_rec, P2_rec)\n",
    "print(f\"Q by gpt_compute_Q_matrix\\n{Q3}\")\n",
    "loss_ave = sum(abs(Q3.flatten() - Q.flatten())) / 12\n",
    "print(f\"average loss={loss_ave}\")"
   ]
  },
  {
   "cell_type": "code",
   "execution_count": 71,
   "metadata": {},
   "outputs": [
    {
     "name": "stdout",
     "output_type": "stream",
     "text": [
      "S_rect_02: [1242.  375.]\n",
      "K_02: [[959.791    0.     696.0217]\n",
      " [  0.     956.9251 224.1806]\n",
      " [  0.       0.       1.    ]]\n",
      "D_02: [-0.3691481   0.1968681   0.00135347  0.00056776 -0.06770705]\n",
      "R_02: [[ 0.9999758  -0.00526746 -0.00455244]\n",
      " [ 0.00525195  0.9999804  -0.00341384]\n",
      " [ 0.00457033  0.00338984  0.9999838 ]]\n",
      "T_02: [0.05956621 0.00029001 0.00257721]\n",
      "K_03: [[903.7596   0.     695.7519]\n",
      " [  0.     901.9653 224.2509]\n",
      " [  0.       0.       1.    ]]\n",
      "D_03: [-0.3639558   0.1788651   0.00060297 -0.00039224 -0.0538246 ]\n",
      "R_03: [[ 0.9995599   0.01699522 -0.02431313]\n",
      " [-0.01704422  0.9998531  -0.00180976]\n",
      " [ 0.0242788   0.00222336  0.9997028 ]]\n",
      "Q: [[   1.            0.            0.         -697.43959045]\n",
      " [   0.            1.            0.         -236.69963646]\n",
      " [   0.            0.            0.          929.4452    ]\n",
      " [   0.            0.          -16.77215164    0.        ]]\n",
      "P_rect_02_err: 51.05144432478769\n",
      "P_rect_03_err: 80.3903143016223\n"
     ]
    },
    {
     "data": {
      "text/plain": [
       "array([[   1.        ,    0.        ,    0.        , -697.43959045],\n",
       "       [   0.        ,    1.        ,    0.        , -236.69963646],\n",
       "       [   0.        ,    0.        ,    0.        ,  929.4452    ],\n",
       "       [   0.        ,    0.        ,  -16.77215164,    0.        ]])"
      ]
     },
     "execution_count": 71,
     "metadata": {},
     "output_type": "execute_result"
    }
   ],
   "source": [
    "from pathlib import Path\n",
    "def get_KITTI_Q_matrix(name: str) -> np.ndarray:\n",
    "    KITTI_path = Path(\n",
    "        r'E:\\datasets\\KITTI_sceneflow\\calibration_files\\training\\calib_cam_to_cam')\n",
    "    calib_path = KITTI_path / (name + \".txt\")\n",
    "    calib = calib_path.read_text()\n",
    "    # with calib_path.open('r') as f:\n",
    "    #     calib = f.readlines()\n",
    "    calib=calib.split('\\n')\n",
    "    # print(len(calib))\n",
    "    # print(calib)\n",
    "\n",
    "    K_02 = np.array(calib[19].strip().split()[1:]\n",
    "                    ).astype(float).reshape((3, 3))\n",
    "    D_02 = np.array(calib[20].strip().split()[1:]\n",
    "                    ).astype(float).flatten()\n",
    "    R_02 = np.array(calib[21].strip().split()[1:]\n",
    "                    ).astype(float).reshape((3, 3))\n",
    "    T_02 = np.array(calib[22].strip().split()[1:]\n",
    "                    ).astype(float).flatten()\n",
    "    S_rect_02 = np.array(calib[23].strip().split()[\n",
    "                         1:]).astype(float).flatten()\n",
    "    R_rect_02 = np.array(calib[24].strip().split()[\n",
    "                         1:]).astype(float).reshape((3, 3))\n",
    "    P_rect_02 = np.array(calib[25].strip().split()[1:]).astype(float).reshape((3, 4))\n",
    "    K_03 = np.array(calib[27].strip().split()[1:]\n",
    "                    ).astype(float).reshape((3, 3))\n",
    "    D_03 = np.array(calib[28].strip().split()[1:]\n",
    "                    ).astype(float).flatten()\n",
    "    R_03 = np.array(calib[29].strip().split()[1:]\n",
    "                    ).astype(float).reshape((3, 3))\n",
    "    R_rect_03 = np.array(calib[32].strip().split()[\n",
    "                         1:]).astype(float).reshape((3, 3))\n",
    "    P_rect_03 = np.array(calib[33].strip().split(\n",
    "        )[1:]).astype(float).reshape((3, 4))\n",
    "\n",
    "    print(f\"S_rect_02: {S_rect_02}\")\n",
    "    print(f\"K_02: {K_02}\")\n",
    "    print(f\"D_02: {D_02}\")\n",
    "    print(f\"R_02: {R_02}\")\n",
    "    print(f\"T_02: {T_02}\")\n",
    "    print(f\"K_03: {K_03}\")\n",
    "    print(f\"D_03: {D_03}\")\n",
    "    print(f\"R_03: {R_03}\")\n",
    "\n",
    "    P_rect_02 = np.array([float(x)\n",
    "                      for x in calib[25].strip().split()[1:]]).reshape((3, 4))\n",
    "    P_right = np.array(\n",
    "        [float(x) for x in calib[33].strip().split()[1:]]).reshape((3, 4))\n",
    "\n",
    "    R1, R2, P1, P2, Q, RECT1, RECT2 = cv2.stereoRectify(\n",
    "        K_02, D_02, K_03, D_03, S_rect_02.astype(int), R_02, T_02, R_03)\n",
    "    print(f\"Q: {Q}\")\n",
    "    P_rect_02_err = sum(abs(P1.flatten() - P_rect_02.flatten())) / 12\n",
    "    P_rect_03_err = sum(abs(P2.flatten() - P_rect_03.flatten())) / 12\n",
    "    print(f\"P_rect_02_err: {P_rect_02_err}\")\n",
    "    print(f\"P_rect_03_err: {P_rect_03_err}\")\n",
    "    return Q\n",
    "\n",
    "\n",
    "get_KITTI_Q_matrix(\"000000\")"
   ]
  }
 ],
 "metadata": {
  "kernelspec": {
   "display_name": "flowformer_torch20",
   "language": "python",
   "name": "python3"
  },
  "language_info": {
   "codemirror_mode": {
    "name": "ipython",
    "version": 3
   },
   "file_extension": ".py",
   "mimetype": "text/x-python",
   "name": "python",
   "nbconvert_exporter": "python",
   "pygments_lexer": "ipython3",
   "version": "3.11.5"
  }
 },
 "nbformat": 4,
 "nbformat_minor": 2
}
